1:1
2:2
3:3
4:4
5:5
7:7
8:8
9:9
10:10 11 12
11:this is eleven
12:value can string
1676869128226002114:48241	37064		91	-539	114	51	-122	269	229	-134	-282
1657749292782759014:167	40		98	27	117	10	-29	15	74	67	-54
1657618343175325789:1089	149		-28	110	-102	28	31	-11	6	62	-8
1676918088588087334:5			-27	29	27	-6	-5	-12	-2	-4	-24
1657827627464525106:236	229		-8	-42	124	-226	-307	179	40	-101	-162
1657635389944349858:2149	1114		-33	-74	94	83	-53	-61	-104	-120	11
1657837006931146296:28	16		-6	2	-15	-30	4	27	-24	13	34
